% Intrinsic and Extrinsic Camera Parameters
%
% This script file can be directly executed under Matlab to recover the camera intrinsic and extrinsic parameters.
% IMPORTANT: This file contains neither the structure of the calibration objects nor the image coordinates of the calibration points.
%            All those complementary variables are saved in the complete matlab data file Calib_Results.mat.
% For more information regarding the calibration model visit http://www.vision.caltech.edu/bouguetj/calib_doc/


%-- Focal length:
fc = [ 2139.738444288318078 ; 1845.895683291214254 ];

%-- Principal point:
cc = [ 1999.500000000000000 ; 1124.500000000000000 ];

%-- Skew coefficient:
alpha_c = 0.000000000000000;

%-- Distortion coefficients:
kc = [ -0.038613117767389 ; 0.051308491073539 ; 0.005636572330627 ; -0.002034561444915 ; 0.000000000000000 ];

%-- Focal length uncertainty:
fc_error = [ 192.043085830028787 ; 392.242019390232770 ];

%-- Principal point uncertainty:
cc_error = [ 0.000000000000000 ; 0.000000000000000 ];

%-- Skew coefficient uncertainty:
alpha_c_error = 0.000000000000000;

%-- Distortion coefficients uncertainty:
kc_error = [ 0.023123971175841 ; 0.047335809225074 ; 0.003219493867396 ; 0.002881666887071 ; 0.000000000000000 ];

%-- Image size:
nx = 4000;
ny = 2250;


%-- Various other variables (may be ignored if you do not use the Matlab Calibration Toolbox):
%-- Those variables are used to control which intrinsic parameters should be optimized

n_ima = 30;						% Number of calibration images
est_fc = [ 1 ; 1 ];					% Estimation indicator of the two focal variables
est_aspect_ratio = 1;				% Estimation indicator of the aspect ratio fc(2)/fc(1)
center_optim = 0;					% Estimation indicator of the principal point
est_alpha = 0;						% Estimation indicator of the skew coefficient
est_dist = [ 1 ; 1 ; 1 ; 1 ; 0 ];	% Estimation indicator of the distortion coefficients


%-- Extrinsic parameters:
%-- The rotation (omc_kk) and the translation (Tc_kk) vectors for every calibration image and their uncertainties

%-- Image #1:
omc_1 = [ NaN ; NaN ; NaN ];
Tc_1  = [ NaN ; NaN ; NaN ];
omc_error_1 = [ NaN ; NaN ; NaN ];
Tc_error_1  = [ NaN ; NaN ; NaN ];

%-- Image #2:
omc_2 = [ 2.225148e+00 ; 6.027157e-01 ; -3.259933e-01 ];
Tc_2  = [ -4.026941e+02 ; -3.481627e+01 ; 5.726348e+02 ];
omc_error_2 = [ 1.040602e-01 ; 2.745811e-02 ; 1.698939e-02 ];
Tc_error_2  = [ 3.023278e-01 ; 4.651994e+00 ; 4.784555e+01 ];

%-- Image #3:
omc_3 = [ 2.284151e+00 ; -5.698352e-02 ; -8.045375e-03 ];
Tc_3  = [ -1.724787e+02 ; 1.185525e+02 ; 4.674586e+02 ];
omc_error_3 = [ 1.065844e-01 ; 3.736219e-03 ; 1.034954e-02 ];
Tc_error_3  = [ 4.137444e-01 ; 1.456443e+01 ; 4.051433e+01 ];

%-- Image #4:
omc_4 = [ 2.171191e+00 ; -8.122837e-01 ; 3.337654e-01 ];
Tc_4  = [ -8.731714e+01 ; 1.428133e+02 ; 3.937547e+02 ];
omc_error_4 = [ 9.970181e-02 ; 3.752158e-02 ; 4.429239e-02 ];
Tc_error_4  = [ 5.062024e-01 ; 1.765917e+01 ; 3.331650e+01 ];

%-- Image #5:
omc_5 = [ NaN ; NaN ; NaN ];
Tc_5  = [ NaN ; NaN ; NaN ];
omc_error_5 = [ NaN ; NaN ; NaN ];
Tc_error_5  = [ NaN ; NaN ; NaN ];

%-- Image #6:
omc_6 = [ NaN ; NaN ; NaN ];
Tc_6  = [ NaN ; NaN ; NaN ];
omc_error_6 = [ NaN ; NaN ; NaN ];
Tc_error_6  = [ NaN ; NaN ; NaN ];

%-- Image #7:
omc_7 = [ NaN ; NaN ; NaN ];
Tc_7  = [ NaN ; NaN ; NaN ];
omc_error_7 = [ NaN ; NaN ; NaN ];
Tc_error_7  = [ NaN ; NaN ; NaN ];

%-- Image #8:
omc_8 = [ NaN ; NaN ; NaN ];
Tc_8  = [ NaN ; NaN ; NaN ];
omc_error_8 = [ NaN ; NaN ; NaN ];
Tc_error_8  = [ NaN ; NaN ; NaN ];

%-- Image #9:
omc_9 = [ NaN ; NaN ; NaN ];
Tc_9  = [ NaN ; NaN ; NaN ];
omc_error_9 = [ NaN ; NaN ; NaN ];
Tc_error_9  = [ NaN ; NaN ; NaN ];

%-- Image #10:
omc_10 = [ NaN ; NaN ; NaN ];
Tc_10  = [ NaN ; NaN ; NaN ];
omc_error_10 = [ NaN ; NaN ; NaN ];
Tc_error_10  = [ NaN ; NaN ; NaN ];

%-- Image #11:
omc_11 = [ NaN ; NaN ; NaN ];
Tc_11  = [ NaN ; NaN ; NaN ];
omc_error_11 = [ NaN ; NaN ; NaN ];
Tc_error_11  = [ NaN ; NaN ; NaN ];

%-- Image #12:
omc_12 = [ NaN ; NaN ; NaN ];
Tc_12  = [ NaN ; NaN ; NaN ];
omc_error_12 = [ NaN ; NaN ; NaN ];
Tc_error_12  = [ NaN ; NaN ; NaN ];

%-- Image #13:
omc_13 = [ NaN ; NaN ; NaN ];
Tc_13  = [ NaN ; NaN ; NaN ];
omc_error_13 = [ NaN ; NaN ; NaN ];
Tc_error_13  = [ NaN ; NaN ; NaN ];

%-- Image #14:
omc_14 = [ NaN ; NaN ; NaN ];
Tc_14  = [ NaN ; NaN ; NaN ];
omc_error_14 = [ NaN ; NaN ; NaN ];
Tc_error_14  = [ NaN ; NaN ; NaN ];

%-- Image #15:
omc_15 = [ NaN ; NaN ; NaN ];
Tc_15  = [ NaN ; NaN ; NaN ];
omc_error_15 = [ NaN ; NaN ; NaN ];
Tc_error_15  = [ NaN ; NaN ; NaN ];

%-- Image #16:
omc_16 = [ NaN ; NaN ; NaN ];
Tc_16  = [ NaN ; NaN ; NaN ];
omc_error_16 = [ NaN ; NaN ; NaN ];
Tc_error_16  = [ NaN ; NaN ; NaN ];

%-- Image #17:
omc_17 = [ NaN ; NaN ; NaN ];
Tc_17  = [ NaN ; NaN ; NaN ];
omc_error_17 = [ NaN ; NaN ; NaN ];
Tc_error_17  = [ NaN ; NaN ; NaN ];

%-- Image #18:
omc_18 = [ NaN ; NaN ; NaN ];
Tc_18  = [ NaN ; NaN ; NaN ];
omc_error_18 = [ NaN ; NaN ; NaN ];
Tc_error_18  = [ NaN ; NaN ; NaN ];

%-- Image #19:
omc_19 = [ NaN ; NaN ; NaN ];
Tc_19  = [ NaN ; NaN ; NaN ];
omc_error_19 = [ NaN ; NaN ; NaN ];
Tc_error_19  = [ NaN ; NaN ; NaN ];

%-- Image #20:
omc_20 = [ NaN ; NaN ; NaN ];
Tc_20  = [ NaN ; NaN ; NaN ];
omc_error_20 = [ NaN ; NaN ; NaN ];
Tc_error_20  = [ NaN ; NaN ; NaN ];

%-- Image #21:
omc_21 = [ NaN ; NaN ; NaN ];
Tc_21  = [ NaN ; NaN ; NaN ];
omc_error_21 = [ NaN ; NaN ; NaN ];
Tc_error_21  = [ NaN ; NaN ; NaN ];

%-- Image #22:
omc_22 = [ NaN ; NaN ; NaN ];
Tc_22  = [ NaN ; NaN ; NaN ];
omc_error_22 = [ NaN ; NaN ; NaN ];
Tc_error_22  = [ NaN ; NaN ; NaN ];

%-- Image #23:
omc_23 = [ NaN ; NaN ; NaN ];
Tc_23  = [ NaN ; NaN ; NaN ];
omc_error_23 = [ NaN ; NaN ; NaN ];
Tc_error_23  = [ NaN ; NaN ; NaN ];

%-- Image #24:
omc_24 = [ NaN ; NaN ; NaN ];
Tc_24  = [ NaN ; NaN ; NaN ];
omc_error_24 = [ NaN ; NaN ; NaN ];
Tc_error_24  = [ NaN ; NaN ; NaN ];

%-- Image #25:
omc_25 = [ NaN ; NaN ; NaN ];
Tc_25  = [ NaN ; NaN ; NaN ];
omc_error_25 = [ NaN ; NaN ; NaN ];
Tc_error_25  = [ NaN ; NaN ; NaN ];

%-- Image #26:
omc_26 = [ NaN ; NaN ; NaN ];
Tc_26  = [ NaN ; NaN ; NaN ];
omc_error_26 = [ NaN ; NaN ; NaN ];
Tc_error_26  = [ NaN ; NaN ; NaN ];

%-- Image #27:
omc_27 = [ NaN ; NaN ; NaN ];
Tc_27  = [ NaN ; NaN ; NaN ];
omc_error_27 = [ NaN ; NaN ; NaN ];
Tc_error_27  = [ NaN ; NaN ; NaN ];

%-- Image #28:
omc_28 = [ NaN ; NaN ; NaN ];
Tc_28  = [ NaN ; NaN ; NaN ];
omc_error_28 = [ NaN ; NaN ; NaN ];
Tc_error_28  = [ NaN ; NaN ; NaN ];

%-- Image #29:
omc_29 = [ NaN ; NaN ; NaN ];
Tc_29  = [ NaN ; NaN ; NaN ];
omc_error_29 = [ NaN ; NaN ; NaN ];
Tc_error_29  = [ NaN ; NaN ; NaN ];

%-- Image #30:
omc_30 = [ NaN ; NaN ; NaN ];
Tc_30  = [ NaN ; NaN ; NaN ];
omc_error_30 = [ NaN ; NaN ; NaN ];
Tc_error_30  = [ NaN ; NaN ; NaN ];

